1350258020 99
1350258323 100
1350258624 98
1350258930 81
1350259231 90
1350259541 100
1350259841 99
1350260152 0
1350260457 99
1350260757 99
1350263066 100
1350263368 12
1350263675 99
1350263980 100
1350264285 0
1350264585 100
1350264947 100
1350265364 86
1350265809 89
1350266116 78
1350268673 100
1350268968 100
1350269279 0
1350269579 0
1350269881 0
1350270191 0
1350270492 0
1350270803 100
1350271102 98
1350271413 100
1350271714 0
1350283692 98
1350284047 100
1350284353 0
1350284654 46
1350284964 16
1350285265 0
1350285575 100
1350285875 100
1350286178 100
1350286488 100
1350286790 100
1350287090 100
1350287400 99
1350287701 100
1350288011 100
1350288312 100
1350288622 99
1350288924 99
1350289224 100
1350289534 99
1350289834 100
1350290145 99
1350290445 100
1350290756 100
1350291059 100
1350291368 100
1350291679 99
1350291989 99
1350292289 99
1350292600 100
1350292901 100
1350293211 100
1350293511 99
1350293813 100
1350294124 99
1350294427 100
1350294726 100
1350302627 5
1350302921 100
1350303232 100
1350303533 100
1350303843 99
1350304143 99
1350304454 81
