1350258020 0
1350258323 0
1350258624 2
1350258930 14
1350259231 0
1350259541 0
1350259841 1
1350260152 1
1350260457 0
1350260757 1
1350263066 0
1350263368 14
1350263675 0
1350263980 0
1350264285 2
1350264585 0
1350264947 0
1350265364 7
1350265809 5
1350266116 2
1350268673 0
1350268968 0
1350269279 14
1350269579 14
1350269881 15
1350270191 14
1350270492 14
1350270803 0
1350271102 1
1350271413 0
1350271714 6
1350283692 1
1350284047 0
1350284353 5
1350284654 0
1350284964 0
1350285265 8
1350285575 0
1350285875 0
1350286178 0
1350286488 0
1350286790 0
1350287090 0
1350287400 1
1350287701 0
1350288011 0
1350288312 0
1350288622 1
1350288924 1
1350289224 0
1350289534 1
1350289834 0
1350290145 1
1350290445 0
1350290756 0
1350291059 0
1350291368 0
1350291679 1
1350291989 1
1350292289 1
1350292600 0
1350292901 0
1350293211 0
1350293511 1
1350293813 0
1350294124 1
1350294427 0
1350294726 0
1350302627 53
1350302921 0
1350303232 0
1350303533 0
1350303843 0
1350304143 1
1350304454 1
