1350263980 1449336832
1350264285 1462566912
1350264585 1453056000
1350264947 1453162496
1350265364 1449324544
1350265809 1453686784
1350266116 1453666304
1350268673 1453756416
1350268968 1453760512
1350269279 1453768704
1350269579 1453768704
1350269881 1453768704
1350270191 1453764608
1350270492 1453768704
1350270803 1453768704
1350271102 1453768704
1350271413 1453768704
1350271714 1453768704
1350283692 1453899776
1350284047 1453940736
1350284353 1453932544
1350284654 1453948928
1350284964 1453953024
1350285265 1453953024
1350285575 1453957120
1350285875 1453957120
1350286178 1453957120
1350286488 1453957120
1350286790 1453957120
1350287090 1453957120
1350287400 1453957120
1350287701 1453957120
1350288011 1453957120
1350288312 1453957120
1350288622 1453957120
1350288924 1453957120
1350289224 1453957120
1350289534 1453957120
1350289834 1453957120
1350290145 1453957120
1350290445 1453957120
1350290756 1453957120
1350291059 1453957120
1350291368 1453957120
1350291679 1453957120
1350291989 1453957120
1350292289 1453957120
1350292600 1453957120
1350292901 1453957120
1350293211 1453957120
1350293511 1453957120
1350293813 1453957120
1350294124 1453957120
1350294427 1453957120
1350294726 1453957120
1350302627 1455431680
1350302921 1454772224
1350303232 1454772224
1350303533 1454772224
1350303843 1454772224
1350304143 1454772224
1350304454 1454776320
