1350258020 1.56
1350258323 0.66
1350258624 0.30
1350258930 0.27
1350259231 0.22
1350259541 0.25
1350259841 0.22
1350260152 0.20
1350260457 0.41
1350260757 0.23
1350263066 0.06
1350263368 0.42
1350263675 0.57
1350263980 0.90
1350264285 1.37
1350264585 1.43
1350264947 0.88
1350265364 1.11
1350265809 1.13
1350266116 0.91
1350268673 1.24
1350268968 0.58
1350269279 1.81
1350269579 2.89
1350269881 3.15
1350270191 3.22
1350270492 3.18
1350270803 2.57
1350271102 1.24
1350271413 0.61
1350271714 1.18
1350283692 0.47
1350284047 0.98
1350284353 1.19
1350284654 0.92
1350284964 1.00
1350285265 1.19
1350285575 0.67
1350285875 0.30
1350286178 0.14
1350286488 0.08
1350286790 0.06
1350287090 0.06
1350287400 0.06
1350287701 0.09
1350288011 0.06
1350288312 0.06
1350288622 0.04
1350288924 0.05
1350289224 0.07
1350289534 0.07
1350289834 0.07
1350290145 0.06
1350290445 0.05
1350290756 0.06
1350291059 0.08
1350291368 0.08
1350291679 0.07
1350291989 0.07
1350292289 0.06
1350292600 0.05
1350292901 0.10
1350293211 0.07
1350293511 0.06
1350293813 0.08
1350294124 0.07
1350294427 0.22
1350294726 0.34
1350302627 0.84
1350302921 0.47
1350303232 0.22
1350303533 0.16
1350303843 0.11
1350304143 0.09
1350304454 0.14
