1350258020 3.67
1350258323 0.06
1350258624 0.03
1350258930 0.12
1350259231 0.08
1350259541 0.27
1350259841 0.17
1350260152 0.09
1350260457 0.49
1350260757 0.03
1350263066 0.21
1350263368 0.25
1350263675 0.89
1350263980 1.04
1350264285 1.89
1350264585 0.75
1350264947 2.96
1350265364 2.78
1350265809 2.59
1350266116 0.50
1350268673 2.91
1350268968 0.05
1350269279 3.46
1350269579 3.69
1350269881 3.20
1350270191 3.26
1350270492 3.18
1350270803 1.18
1350271102 0.57
1350271413 0.24
1350271714 1.56
1350283692 1.48
1350284047 3.07
1350284353 1.20
1350284654 0.61
1350284964 1.26
1350285265 1.22
1350285575 0.07
1350285875 0.01
1350286178 0.00
1350286488 0.00
1350286790 0.00
1350287090 0.00
1350287400 0.00
1350287701 0.08
1350288011 0.00
1350288312 0.00
1350288622 0.00
1350288924 0.00
1350289224 0.01
1350289534 0.00
1350289834 0.01
1350290145 0.00
1350290445 0.00
1350290756 0.00
1350291059 0.09
1350291368 0.02
1350291679 0.00
1350291989 0.01
1350292289 0.00
1350292600 0.00
1350292901 0.02
1350293211 0.00
1350293511 0.00
1350293813 0.01
1350294124 0.00
1350294427 0.36
1350294726 0.40
1350302627 2.66
1350302921 0.05
1350303232 0.01
1350303533 0.08
1350303843 0.00
1350304143 0.01
1350304454 0.22
