1350258020 1.40
1350258323 1.07
1350258624 0.80
1350258930 0.66
1350259231 0.54
1350259541 0.47
1350259841 0.40
1350260152 0.35
1350260457 0.41
1350260757 0.34
1350263066 0.06
1350263368 0.24
1350263675 0.34
1350263980 0.55
1350264285 0.83
1350264585 1.06
1350264947 0.31
1350265364 0.42
1350265809 0.43
1350266116 0.55
1350268673 0.48
1350268968 0.41
1350269279 0.93
1350269579 1.64
1350269881 2.10
1350270191 2.43
1350270492 2.62
1350270803 2.57
1350271102 1.99
1350271413 1.50
1350271714 1.50
1350283692 0.17
1350284047 0.35
1350284353 0.62
1350284654 0.68
1350284964 0.75
1350285265 0.91
1350285575 0.79
1350285875 0.61
1350286178 0.46
1350286488 0.35
1350286790 0.27
1350287090 0.22
1350287400 0.18
1350287701 0.16
1350288011 0.13
1350288312 0.12
1350288622 0.11
1350288924 0.11
1350289224 0.12
1350289534 0.12
1350289834 0.12
1350290145 0.11
1350290445 0.11
1350290756 0.11
1350291059 0.12
1350291368 0.12
1350291679 0.12
1350291989 0.12
1350292289 0.11
1350292600 0.11
1350292901 0.13
1350293211 0.12
1350293511 0.11
1350293813 0.12
1350294124 0.11
1350294427 0.16
1350294726 0.24
1350302627 0.29
1350302921 0.30
1350303232 0.25
1350303533 0.22
1350303843 0.19
1350304143 0.18
1350304454 0.17
