1350258020 59842560
1350258323 59654144
1350258624 59273216
1350258930 59244544
1350259231 59224064
1350259541 58519552
1350259841 58474496
1350260152 58474496
1350260457 59015168
1350260757 58032128
1350263066 39383040
1350263368 47464448
1350263675 44937216
1350263980 42164224
1350264285 54681600
1350264585 46612480
1350264947 35012608
1350265364 35176448
1350265809 37171200
1350266116 39735296
1350268673 37629952
1350268968 43646976
1350269279 45486080
1350269579 45187072
1350269881 45391872
1350270191 45359104
1350270492 45236224
1350270803 43458560
1350271102 43495424
1350271413 43483136
1350271714 64090112
1350283692 33607680
1350284047 35205120
1350284353 46866432
1350284654 42786816
1350284964 49500160
1350285265 71016448
1350285575 57278464
1350285875 57200640
1350286178 57196544
1350286488 57225216
1350286790 57262080
1350287090 57196544
1350287400 57217024
1350287701 57225216
1350288011 57245696
1350288312 57188352
1350288622 57217024
1350288924 57245696
1350289224 57241600
1350289534 57200640
1350289834 57212928
1350290145 57233408
1350290445 57229312
1350290756 57204736
1350291059 57225216
1350291368 57204736
1350291679 57249792
1350291989 57192448
1350292289 57212928
1350292600 57225216
1350292901 57237504
1350293211 57249792
1350293511 57200640
1350293813 57221120
1350294124 57163776
1350294427 57208832
1350294726 57212928
1350302627 36589568
1350302921 35250176
1350303232 35217408
1350303533 35205120
1350303843 35233792
1350304143 35246080
1350304454 38866944
