1350258020 69
1350258323 69
1350258624 68
1350258930 69
1350259231 68
1350259541 68
1350259841 67
1350260152 67
1350260457 70
1350260757 68
1350263066 69
1350263368 70
1350263675 71
1350263980 69
1350264285 70
1350264585 68
1350264947 66
1350265364 65
1350265809 66
1350266116 65
1350268673 66
1350268968 75
1350269279 75
1350269579 73
1350269881 73
1350270191 72
1350270492 73
1350270803 72
1350271102 72
1350271413 71
1350271714 73
1350283692 70
1350284047 72
1350284353 70
1350284654 68
1350284964 69
1350285265 70
1350285575 68
1350285875 68
1350286178 69
1350286488 68
1350286790 70
1350287090 68
1350287400 68
1350287701 68
1350288011 68
1350288312 68
1350288622 68
1350288924 69
1350289224 68
1350289534 68
1350289834 68
1350290145 68
1350290445 68
1350290756 68
1350291059 69
1350291368 68
1350291679 69
1350291989 68
1350292289 68
1350292600 68
1350292901 68
1350293211 68
1350293511 68
1350293813 68
1350294124 68
1350294427 69
1350294726 68
1350302627 69
1350302921 60
1350303232 60
1350303533 60
1350303843 60
1350304143 60
1350304454 64
