1350258020 684032
1350258323 684032
1350258624 684032
1350258930 684032
1350259231 684032
1350259541 684032
1350259841 684032
1350260152 684032
1350260457 684032
1350260757 630784
1350263066 0
1350263368 0
1350263675 0
1350263980 0
1350264285 0
1350264585 0
1350264947 0
1350265364 0
1350265809 0
1350266116 0
1350268673 0
1350268968 0
1350269279 0
1350269579 0
1350269881 0
1350270191 45056
1350270492 57344
1350270803 61440
1350271102 57344
1350271413 57344
1350271714 53248
1350283692 0
1350284047 0
1350284353 0
1350284654 0
1350284964 0
1350285265 0
1350285575 0
1350285875 0
1350286178 0
1350286488 0
1350286790 0
1350287090 0
1350287400 0
1350287701 0
1350288011 0
1350288312 0
1350288622 0
1350288924 0
1350289224 0
1350289534 0
1350289834 0
1350290145 0
1350290445 0
1350290756 0
1350291059 0
1350291368 0
1350291679 0
1350291989 0
1350292289 0
1350292600 0
1350292901 0
1350293211 0
1350293511 0
1350293813 0
1350294124 0
1350294427 0
1350294726 0
1350302627 0
1350302921 0
1350303232 0
1350303533 0
1350303843 0
1350304143 0
1350304454 0
